g_g810	x	y	z_z811c1	z_z811c2	z_z811c3	z_z811c4
2	-468395.90625	2731495	2	227.7263	1166.333	10.52696
2	-469395.90625	2730495	2	150.6274	1169.217	14.70798
2	-468395.90625	2730495	2	185.3322	1166.818	15.77352
2	-467395.90625	2730495	2			
3	-497395.90625	2729495	3	211.866	1238.208	9.278593
1	-489395.90625	2729495	1	45	1227.646	 0.0
1	-471395.90625	2729495	1	198.5563	1174.917	20.46304
2	-470395.90625	2729495	2	249.4762	1172.235	14.58872
2	-469395.90625	2729495	2	158.3643	1169.687	13.53411
2	-468395.90625	2729495	2	89.1186	1167.287	13.70028
2	-498395.90625	2728495	2	135	1239.213	0.1012855
2	-497395.90625	2728495	2	262.4271	1238.887	12.30643
2	-496395.90625	2728495	2	240.6242	1238.344	12.22148
2	-495395.90625	2728495	2	263.2902	1237.578	4.891808
3	-494395.90625	2728495	3	-1	1236.587	 0.0
2	-493395.90625	2728495	2	47.64254	1235.373	6.561733
2	-492395.90625	2728495	2	83.73651	1233.938	11.6528
3	-491395.90625	2728495	3	74.48163	1232.288	33.74712
3	-490395.90625	2728495	3	82.01669	1230.431	22.49016
1	-489395.90625	2728495	1	116.565	1228.375	0.3202898
1	-488395.90625	2728495	1	-1	1226.133	 0.0
3	-472395.90625	2728495	3	211.0922	1178.207	10.82549
2	-471395.90625	2728495	2	220.7636	1175.391	2.740112
2	-470395.90625	2728495	2	157.1664	1172.7	8.789272
2	-469395.90625	2728495	2	240.9454	1170.145	9.497848
2	-468395.90625	2728495	2	248.245	1167.74	15.99586
2	-499395.90625	2727495	2	-1	1240.061	 0.0
2	-498395.90625	2727495	2	-1	1239.962	 0.0
2	-497395.90625	2727495	2	278.1301	1239.65	1.518928
2	-496395.90625	2727495	2	321.1552	1239.117	10.27931
2	-495395.90625	2727495	2	235.5392	1238.36	4.421218
2	-494395.90625	2727495	2	-1	1237.375	 0.0
2	-493395.90625	2727495	2	164.6899	1236.164	42.41718
2	-492395.90625	2727495	2	172.8835	1234.73	46.10282
2	-491395.90625	2727495	2	139.8474	1233.078	45.11858
1	-490395.90625	2727495	1	127.4409	1231.216	20.61975
1	-489395.90625	2727495	1	56.88866	1229.154	1.965839
1	-488395.90625	2727495	1	45	1226.902	 0.0
4	-487395.90625	2727495	4	-1	1224.475	 0.0
4	-486395.90625	2727495	4	-1	1221.886	 0.0
3	-473395.90625	2727495	3	164.0546	1181.631	14.295
3	-472395.90625	2727495	3	209.0546	1178.69	0.7373295
2	-471395.90625	2727495	2	135.7848	1175.859	14.47318
2	-470395.90625	2727495	2	190.2382	1173.155	16.08445
2	-469395.90625	2727495	2	239.0362	1170.589	1.669972
2	-468395.90625	2727495	2	311.8519	1168.174	19.49843
2	-498395.90625	2726495	2	234.4273	1240.795	25.40172
2	-497395.90625	2726495	2	329.3814	1240.491	4.071059
2	-496395.90625	2726495	2	258.3263	1239.965	8.779654
2	-495395.90625	2726495	2	108.1175	1239.212	 0.0
2	-494395.90625	2726495	2	161.426	1238.228	18.04123
2	-493395.90625	2726495	2	154.2734	1237.016	29.81503
2	-492395.90625	2726495	2	177.8331	1235.578	13.02977
2	-491395.90625	2726495	2	99.19102	1233.919	25.51883
1	-490395.90625	2726495	1	121.1664	1232.049	31.22639
5	-489395.90625	2726495	5	53.32565	1229.976	4.189458
1	-488395.90625	2726495	1	71.56505	1227.712	 0.0
1	-487395.90625	2726495	1	-1	1225.27	 0.0
4	-486395.90625	2726495	4	-1	1222.664	 0.0
4	-485395.90625	2726495	4	-1	1219.911	 0.0
3	-475395.90625	2726495	3	228.4682	1188.323	9.944592
3	-474395.90625	2726495	3	135	1185.185	0.1012855
2	-473395.90625	2726495	2	164.5388	1182.128	10.36305
2	-472395.90625	2726495	2	158.5523	1179.167	4.301007
2	-471395.90625	2726495	2	-1	1176.318	 0.0
2	-470395.90625	2726495	2	-1	1173.597	 0.0
2	-469395.90625	2726495	2	234.6538	1171.017	19.18141
2	-468395.90625	2726495	2	293.1986	1168.59	6.517024
1	-499395.90625	2725495	1	276.9003	1241.788	11.18217
1	-498395.90625	2725495	1	263.264	1241.706	9.082089
2	-497395.90625	2725495	2	-1	1241.406	 0.0
1	-496395.90625	2725495	1	214.0243	1240.881	16.54754
3	-495395.90625	2725495	3	36.29778	1240.126	9.940629
2	-494395.90625	2725495	2	127.714	1239.139	21.32032
2	-493395.90625	2725495	2	359.8121	1237.921	15.95453
2	-492395.90625	2725495	2	47.44242	1236.475	20.47251
2	-491395.90625	2725495	2	101.8887	1234.807	23.59912
3	-490395.90625	2725495	3	16.47688	1232.924	10.48683
1	-489395.90625	2725495	1	80.16644	1230.837	5.435211
1	-488395.90625	2725495	1	45	1228.557	0.1012855
1	-487395.90625	2725495	1	45	1226.097	 0.0
4	-486395.90625	2725495	4	-1	1223.472	 0.0
4	-485395.90625	2725495	4	-1	1220.698	 0.0
4	-484395.90625	2725495	4	-1	1217.792	 0.0
4	-483395.90625	2725495	4	-1	1214.773	 0.0
2	-474395.90625	2725495	2	91.16914	1185.701	6.985377
3	-473395.90625	2725495	3	-1	1182.62	 0.0
2	-472395.90625	2725495	2	265.0063	1179.637	14.49267
2	-471395.90625	2725495	2	250.796	1176.768	10.90825
2	-470395.90625	2725495	2	290.7387	1174.027	7.838655
2	-469395.90625	2725495	2	290.6299	1171.429	12.79268
2	-499395.90625	2724495	2	48.36646	1242.768	1.724311
1	-498395.90625	2724495	1	237.9946	1242.686	1.351068
2	-497395.90625	2724495	2	240.6312	1242.385	19.50831
3	-496395.90625	2724495	3	271.8476	1241.856	2.220254
3	-495395.90625	2724495	3	207.4076	1241.096	4.348092
2	-494395.90625	2724495	2	302.8874	1240.101	 0.0
2	-493395.90625	2724495	2	122.2176	1238.873	37.89024
2	-492395.90625	2724495	2	15.9454	1237.415	30.2169
2	-491395.90625	2724495	2	55.24128	1235.733	23.14865
3	-490395.90625	2724495	3	72.79703	1233.835	20.18846
3	-489395.90625	2724495	3	39.88269	1231.73	6.781446
5	-488395.90625	2724495	5	84.36932	1229.43	5.096173
5	-487395.90625	2724495	5	-1	1226.949	 0.0
4	-486395.90625	2724495	4	-1	1224.302	 0.0
4	-485395.90625	2724495	4	-1	1221.505	 0.0
4	-484395.90625	2724495	4	-1	1218.574	 0.0
4	-483395.90625	2724495	4	-1	1215.529	 0.0
2	-474395.90625	2724495	2	76.2184	1186.213	3.902319
3	-473395.90625	2724495	3	101.4373	1183.106	6.414856
3	-472395.90625	2724495	3	338.6756	1180.098	26.6502
3	-471395.90625	2724495	3	39.09386	1177.205	8.701723
2	-470395.90625	2724495	2	242.6501	1174.442	2.337062
2	-469395.90625	2724495	2			
2	-500395.90625	2723495	2	164.0773	1243.689	22.94051
2	-499395.90625	2723495	2	18.72953	1243.812	17.09452
2	-498395.90625	2723495	2	-1	1243.725	 0.0
1	-497395.90625	2723495	1	276.6135	1243.418	19.15268
2	-496395.90625	2723495	2	-1	1242.881	 0.0
3	-495395.90625	2723495	3	287.6844	1242.111	 0.0
2	-494395.90625	2723495	2	225	1241.104	 0.0
2	-493395.90625	2723495	2	110.2036	1239.863	14.96067
2	-492395.90625	2723495	2	74.74488	1238.389	13.61958
2	-491395.90625	2723495	2	29.63154	1236.69	32.08758
3	-490395.90625	2723495	3	76.93068	1234.772	16.03707
3	-489395.90625	2723495	3	89.06844	1232.647	17.09479
1	-488395.90625	2723495	1	90.78483	1230.325	5.214287
1	-487395.90625	2723495	1	71.56505	1227.821	 0.0
1	-486395.90625	2723495	1	-1	1225.149	 0.0
4	-485395.90625	2723495	4	-1	1222.326	 0.0
4	-484395.90625	2723495	4	-1	1219.369	 0.0
4	-483395.90625	2723495	4	-1	1216.296	 0.0
4	-482395.90625	2723495	4	-1	1213.127	 0.0
3	-474395.90625	2723495	3	95.19443	1186.718	1.042684
3	-473395.90625	2723495	3	76.1757	1183.583	8.67539
2	-472395.90625	2723495	2	234.3721	1180.549	10.45592
3	-471395.90625	2723495	3	310.7636	1177.63	2.740112
2	-470395.90625	2723495	2	8.024065	1174.842	29.8175
3	-500395.90625	2722495	3	-1	1244.793	 0.0
2	-499395.90625	2722495	2	5.557232	1244.908	24.92354
2	-498395.90625	2722495	2	42.92282	1244.812	18.85008
2	-497395.90625	2722495	2	201.4346	1244.494	10.18565
3	-496395.90625	2722495	3	264.8827	1243.945	23.85957
3	-495395.90625	2722495	3	107.9494	1243.161	 0.0
2	-494395.90625	2722495	2	193.2802	1242.138	4.576145
2	-493395.90625	2722495	2	85.84872	1240.879	 0.0
2	-492395.90625	2722495	2	134.2043	1239.387	14.28312
2	-491395.90625	2722495	2	123.1201	1237.667	30.64752
2	-490395.90625	2722495	2	112.3609	1235.728	22.00554
3	-489395.90625	2722495	3	21.80141	1233.579	19.29187
1	-488395.90625	2722495	1	134.3704	1231.233	9.139236
1	-487395.90625	2722495	1	-1	1228.703	 0.0
1	-486395.90625	2722495	1	-1	1226.004	 0.0
4	-485395.90625	2722495	4	-1	1223.153	 0.0
5	-484395.90625	2722495	5	-1	1220.168	 0.0
4	-483395.90625	2722495	4	-1	1217.066	 0.0
4	-482395.90625	2722495	4	-1	1213.867	 0.0
4	-481395.90625	2722495	4	-1	1210.591	 0.0
3	-474395.90625	2722495	3	114.3734	1187.214	6.223181
2	-473395.90625	2722495	2	281.3099	1184.05	1.460445
2	-472395.90625	2722495	2	331.9617	1180.987	20.28595
2	-471395.90625	2722495	2			
2	-470395.90625	2722495	2			
2	-499395.90625	2721495	2	94.11819	1246.042	8.90328
3	-498395.90625	2721495	3	345.8219	1245.933	13.76423
2	-497395.90625	2721495	2	72.5973	1245.6	9.955979
1	-496395.90625	2721495	1	224.5818	1245.034	25.84467
3	-495395.90625	2721495	3	260.151	1244.232	1.620137
2	-494395.90625	2721495	2	58.86103	1243.19	 0.0
2	-493395.90625	2721495	2	66.22366	1241.911	21.33842
2	-492395.90625	2721495	2	163.4429	1240.396	18.66263
3	-491395.90625	2721495	3	68.80595	1238.653	18.18365
3	-490395.90625	2721495	3	153.8861	1236.69	15.85399
3	-489395.90625	2721495	3	91.28445	1234.516	15.57954
1	-488395.90625	2721495	1	90	1232.143	7.125016
1	-487395.90625	2721495	1	-1	1229.585	 0.0
1	-486395.90625	2721495	1	45	1226.859	 0.0
1	-485395.90625	2721495	1	-1	1223.979	 0.0
1	-484395.90625	2721495	1	-1	1220.963	 0.0
4	-483395.90625	2721495	4	-1	1217.831	 0.0
4	-482395.90625	2721495	4	-1	1214.602	 0.0
4	-481395.90625	2721495	4	-1	1211.295	 0.0
4	-480395.90625	2721495	4	-1	1207.931	 0.0
3	-477395.90625	2721495	3	180	1197.703	7.547726
1	-476395.90625	2721495	1	248.1986	1194.317	16.49845
1	-475395.90625	2721495	1	243.869	1190.975	8.395378
3	-474395.90625	2721495	3	179.4437	1187.698	7.336813
3	-473395.90625	2721495	3	334.9424	1184.504	11.9969
3	-472395.90625	2721495	3	317.2457	1181.411	24.28142
3	-471395.90625	2721495	3			
2	-499395.90625	2720495	2	184.3987	1247.198	13.73765
3	-498395.90625	2720495	3	115.7365	1247.071	28.42159
2	-497395.90625	2720495	2	39.19327	1246.719	22.75048
2	-496395.90625	2720495	2	53.74616	1246.134	1.331964
2	-495395.90625	2720495	2	220.9144	1245.31	16.58045
2	-494395.90625	2720495	2	125.7098	1244.246	30.12955
2	-493395.90625	2720495	2	108.2263	1242.943	33.08157
2	-492395.90625	2720495	2	145.5793	1241.405	24.80507
2	-491395.90625	2720495	2	120.1622	1239.636	37.46096
3	-490395.90625	2720495	3	142.2921	1237.646	36.94611
3	-489395.90625	2720495	3	127.213	1235.445	22.6609
1	-488395.90625	2720495	1	-1	1233.045	 0.0
1	-487395.90625	2720495	1	90	1230.459	0.2864765
1	-486395.90625	2720495	1	-1	1227.703	 0.0
1	-485395.90625	2720495	1	-1	1224.793	 0.0
4	-484395.90625	2720495	4	292.6199	1221.747	 0.0
4	-483395.90625	2720495	4	-1	1218.585	 0.0
4	-482395.90625	2720495	4	-1	1215.324	 0.0
4	-481395.90625	2720495	4	-1	1211.986	 0.0
4	-480395.90625	2720495	4	-1	1208.591	 0.0
4	-479395.90625	2720495	4	-1	1205.159	 0.0
3	-478395.90625	2720495	3	-1	1201.711	 0.0
1	-477395.90625	2720495	1	225	1198.268	0.1012855
1	-476395.90625	2720495	1	253.369	1194.85	11.35974
5	-475395.90625	2720495	5	158.1986	1191.477	9.177124
1	-474395.90625	2720495	1	250.359	1188.169	20.58636
1	-473395.90625	2720495	1	262.6557	1184.944	15.83209
1	-472395.90625	2720495	1	220.2755	1181.819	12.11356
2	-471395.90625	2720495	2	218.1765	1178.813	22.61702
2	-470395.90625	2720495	2			
3	-498395.90625	2719495	3	7.125016	1248.22	12.50095
3	-497395.90625	2719495	3	56.17098	1247.846	23.21226
2	-496395.90625	2719495	2	61.38954	1247.238	8.901607
2	-495395.90625	2719495	2	34.82449	1246.39	7.974626
2	-494395.90625	2719495	2	358.6441	1245.302	22.90981
2	-493395.90625	2719495	2	49.79273	1243.974	40.9407
2	-492395.90625	2719495	2	334.2972	1242.409	33.76907
2	-491395.90625	2719495	2	103.3744	1240.614	20.17666
3	-490395.90625	2719495	3	160.2833	1238.597	24.67574
5	-489395.90625	2719495	5	45	1236.368	0.1012855
1	-488395.90625	2719495	1	111.3706	1233.939	3.533268
1	-487395.90625	2719495	1	-1	1231.324	 0.0
1	-486395.90625	2719495	1	71.56505	1228.538	 0.0
1	-485395.90625	2719495	1	-1	1225.599	 0.0
4	-484395.90625	2719495	4	-1	1222.523	 0.0
4	-483395.90625	2719495	4	-1	1219.33	 0.0
4	-482395.90625	2719495	4	-1	1216.039	 0.0
4	-481395.90625	2719495	4	-1	1212.67	 0.0
4	-480395.90625	2719495	4	-1	1209.244	 0.0
4	-479395.90625	2719495	4	-1	1205.781	 0.0
3	-478395.90625	2719495	3	-1	1202.302	 0.0
1	-477395.90625	2719495	1	-1	1198.827	 0.0
1	-476395.90625	2719495	1	-1	1195.378	 0.0
3	-475395.90625	2719495	3	-1	1191.974	 0.0
3	-474395.90625	2719495	3	191.3099	1188.635	1.825334
1	-473395.90625	2719495	1	239.0362	1185.378	4.16874
2	-472395.90625	2719495	2	179.2006	1182.223	15.0442
1	-471395.90625	2719495	1	206.307	1179.185	13.93946
2	-470395.90625	2719495	2			
3	-497395.90625	2718495	3	41.48625	1248.998	11.41484
2	-496395.90625	2718495	2	66.18743	1248.364	30.20151
2	-495395.90625	2718495	2	23.55226	1247.491	7.331339
2	-494395.90625	2718495	2	46.52753	1246.376	4.762338
2	-493395.90625	2718495	2	48.95425	1245.021	2.749428
2	-492395.90625	2718495	2	78.01104	1243.428	18.31295
3	-491395.90625	2718495	3	35.88583	1241.605	18.51051
3	-490395.90625	2718495	3	80.60755	1239.56	18.62475
1	-489395.90625	2718495	1	117.1497	1237.302	6.253127
1	-488395.90625	2718495	1	108.435	1234.844	0.2264803
1	-487395.90625	2718495	1	-1	1232.2	 0.0
1	-486395.90625	2718495	1	-1	1229.385	 0.0
1	-485395.90625	2718495	1	-1	1226.416	 0.0
4	-484395.90625	2718495	4	-1	1223.31	 0.0
4	-483395.90625	2718495	4	-1	1220.087	 0.0
4	-482395.90625	2718495	4	-1	1216.765	 0.0
4	-481395.90625	2718495	4	-1	1213.366	 0.0
4	-480395.90625	2718495	4	-1	1209.908	 0.0
4	-479395.90625	2718495	4	-1	1206.414	 0.0
4	-478395.90625	2718495	4	262.6781	1202.904	0.1012855
1	-477395.90625	2718495	1	-1	1199.399	 0.0
3	-476395.90625	2718495	3	-1	1195.918	 0.0
3	-475395.90625	2718495	3	-1	1192.483	 0.0
3	-474395.90625	2718495	3	320.2813	1189.112	11.92896
1	-473395.90625	2718495	1	315	1185.823	2.126021
3	-472395.90625	2718495	3	315	1182.636	0.2025703
3	-471395.90625	2718495	3	302.0355	1179.565	14.15196
2	-470395.90625	2718495	2	199.359	1176.628	2.806489
3	-497395.90625	2717495	3	188.3899	1250.196	37.93974
2	-496395.90625	2717495	2	101.5977	1249.534	44.30943
2	-495395.90625	2717495	2	192.2455	1248.632	31.23643
2	-494395.90625	2717495	2	168.1785	1247.488	31.13457
2	-493395.90625	2717495	2	126.9683	1246.103	30.19944
2	-492395.90625	2717495	2	131.6115	1244.481	15.0653
2	-491395.90625	2717495	2	98.1301	1242.628	15.79317
3	-490395.90625	2717495	3	52.62815	1240.553	21.77747
1	-489395.90625	2717495	1	113.8059	1238.265	10.52603
1	-488395.90625	2717495	1	63.43495	1235.777	0.3202898
1	-487395.90625	2717495	1	-1	1233.103	 0.0
1	-486395.90625	2717495	1	-1	1230.258	 0.0
4	-485395.90625	2717495	4	-1	1227.258	 0.0
4	-484395.90625	2717495	4	-1	1224.122	 0.0
4	-483395.90625	2717495	4	-1	1220.868	 0.0
4	-482395.90625	2717495	4	-1	1217.516	 0.0
4	-481395.90625	2717495	4	-1	1214.085	 0.0
4	-480395.90625	2717495	4	-1	1210.597	 0.0
4	-479395.90625	2717495	4	-1	1207.072	 0.0
4	-478395.90625	2717495	4	-1	1203.53	 0.0
3	-477395.90625	2717495	3	225	1199.993	 0.0
2	-476395.90625	2717495	2	7.853313	1196.48	4.18581
3	-475395.90625	2717495	3	272.824	1193.012	15.59383
3	-474395.90625	2717495	3	-1	1189.609	 0.0
2	-473395.90625	2717495	2	17.65012	1186.287	 0.0
1	-472395.90625	2717495	1	-1	1183.066	 0.0
1	-471395.90625	2717495	1	289.179	1179.961	10.35025
2	-470395.90625	2717495	2	337.1355	1176.989	12.69098
3	-497395.90625	2716495	3	70.62586	1251.458	25.74858
2	-496395.90625	2716495	2	143.8068	1250.764	14.2527
2	-495395.90625	2716495	2	45	1249.83	0.8102307
2	-494395.90625	2716495	2	44.72051	1248.654	19.92034
2	-493395.90625	2716495	2	203.6125	1247.237	36.02196
2	-492395.90625	2716495	2	135	1245.584	22.38626
2	-491395.90625	2716495	2	113.8753	1243.699	22.63257
2	-490395.90625	2716495	2	229.5739	1241.592	1.01275
1	-489395.90625	2716495	1	102.1715	1239.273	11.06997
1	-488395.90625	2716495	1	-1	1236.753	 0.0
1	-487395.90625	2716495	1	180	1234.048	 0.0
1	-486395.90625	2716495	1	251.565	1231.171	 0.0
4	-485395.90625	2716495	4	-1	1228.14	 0.0
4	-484395.90625	2716495	4	-1	1224.973	 0.0
4	-483395.90625	2716495	4	-1	1221.687	 0.0
4	-482395.90625	2716495	4	-1	1218.304	 0.0
4	-481395.90625	2716495	4	-1	1214.842	 0.0
4	-480395.90625	2716495	4	-1	1211.321	 0.0
4	-479395.90625	2716495	4	-1	1207.764	 0.0
4	-478395.90625	2716495	4	-1	1204.19	 0.0
3	-477395.90625	2716495	3	-1	1200.62	 0.0
2	-476395.90625	2716495	2	271.1935	1197.074	39.99529
2	-475395.90625	2716495	2	32.89762	1193.572	42.20008
2	-474395.90625	2716495	2	234.6052	1190.134	15.66861
2	-473395.90625	2716495	2	-1	1186.777	 0.0
3	-472395.90625	2716495	3	343.5231	1183.521	5.287699
3	-497395.90625	2715495	3	93.17983	1252.801	17.50974
3	-496395.90625	2715495	3	69.7108	1252.071	23.73926
2	-495395.90625	2715495	2	64.84937	1251.102	24.36776
3	-494395.90625	2715495	3	359.3634	1249.891	34.02099
2	-493395.90625	2715495	2	47.69428	1248.44	31.03557
2	-492395.90625	2715495	2	81.8699	1246.752	19.47122
2	-491395.90625	2715495	2	346.373	1244.833	18.75536
2	-490395.90625	2715495	2	30.01837	1242.692	14.56647
3	-489395.90625	2715495	3	54.35298	1240.339	8.658745
1	-488395.90625	2715495	1	96.34019	1237.786	0.1012855
1	-487395.90625	2715495	1	135	1235.047	 0.0
1	-486395.90625	2715495	1	164.7449	1232.138	 0.0
4	-485395.90625	2715495	4	-1	1229.074	 0.0
4	-484395.90625	2715495	4	-1	1225.874	 0.0
4	-483395.90625	2715495	4	-1	1222.556	 0.0
4	-482395.90625	2715495	4	-1	1219.14	 0.0
4	-481395.90625	2715495	4	-1	1215.645	 0.0
4	-480395.90625	2715495	4	-1	1212.092	 0.0
4	-479395.90625	2715495	4	-1	1208.501	 0.0
4	-478395.90625	2715495	4	-1	1204.893	 0.0
3	-477395.90625	2715495	3	317.9609	1201.288	5.255952
2	-476395.90625	2715495	2	273.5714	1197.708	42.08215
3	-475395.90625	2715495	3	-1	1194.171	 0.0
3	-474395.90625	2715495	3	9.264524	1190.696	10.12512
2	-473395.90625	2715495	2	63.16596	1187.302	13.39513
2	-472395.90625	2715495	2	-1	1184.007	 0.0
3	-497395.90625	2714495	3	358.5607	1254.238	13.97305
3	-496395.90625	2714495	3	27.02158	1253.469	29.30423
3	-495395.90625	2714495	3	19.21048	1252.461	25.04524
2	-494395.90625	2714495	2	263.2388	1251.212	26.03073
2	-493395.90625	2714495	2	32.18851	1249.723	31.87436
2	-492395.90625	2714495	2	57.21328	1247.998	22.67569
2	-491395.90625	2714495	2	78.69007	1246.042	13.26959
2	-490395.90625	2714495	2	165.6937	1243.865	24.23783
5	-489395.90625	2714495	5	88.86558	1241.476	14.17364
1	-488395.90625	2714495	1	83.65981	1238.888	0.1012855
5	-487395.90625	2714495	5	66.80141	1236.114	 0.0
1	-486395.90625	2714495	1	52.12502	1233.169	 0.0
4	-485395.90625	2714495	4	281.3099	1230.071	 0.0
4	-484395.90625	2714495	4	-1	1226.837	 0.0
4	-483395.90625	2714495	4	-1	1223.485	 0.0
4	-482395.90625	2714495	4	-1	1220.034	 0.0
4	-481395.90625	2714495	4	-1	1216.505	 0.0
4	-480395.90625	2714495	4	-1	1212.917	 0.0
4	-479395.90625	2714495	4	-1	1209.291	 0.0
3	-478395.90625	2714495	3	-1	1205.648	 0.0
2	-477395.90625	2714495	2	294.9853	1202.007	28.70008
2	-476395.90625	2714495	2	257.6609	1198.389	23.36946
2	-475395.90625	2714495	2	228.3665	1194.814	 0.0
2	-474395.90625	2714495	2	207.5252	1191.301	 0.0
1	-473395.90625	2714495	1	147.3954	1187.867	9.352996
2	-472395.90625	2714495	2	185.4119	1184.53	13.41788
2	-471395.90625	2714495	2	45	1181.307	0.7089629
3	-496395.90625	2713495	3	155.5318	1254.97	26.05439
2	-495395.90625	2713495	2	86.56997	1253.919	21.65115
2	-494395.90625	2713495	2	186.6869	1252.629	3.215526
2	-493395.90625	2713495	2	101.2583	1251.098	28.55603
2	-492395.90625	2713495	2	130.3971	1249.333	22.7114
2	-491395.90625	2713495	2	97.62605	1247.338	31.08291
3	-490395.90625	2713495	3	185.3815	1245.121	19.1126
5	-489395.90625	2713495	5	110.7554	1242.694	28.66683
1	-488395.90625	2713495	1	60.06849	1240.068	5.438008
1	-487395.90625	2713495	1	33.69007	1237.257	 0.0
1	-486395.90625	2713495	1	315	1234.276	 0.0
4	-485395.90625	2713495	4	-1	1231.141	 0.0
4	-484395.90625	2713495	4	-1	1227.87	 0.0
4	-483395.90625	2713495	4	-1	1224.482	 0.0
4	-482395.90625	2713495	4	-1	1220.995	 0.0
4	-481395.90625	2713495	4	-1	1217.43	 0.0
4	-480395.90625	2713495	4	-1	1213.805	 0.0
4	-479395.90625	2713495	4	-1	1210.142	 0.0
3	-478395.90625	2713495	3	-1	1206.462	 0.0
2	-477395.90625	2713495	2	312.2298	1202.783	12.37788
2	-476395.90625	2713495	2	312.763	1199.126	 0.0
2	-475395.90625	2713495	2	77.06739	1195.51	 0.0
2	-474395.90625	2713495	2	191.6593	1191.955	0.7373295
2	-473395.90625	2713495	2	106.8301	1188.479	18.2553
1	-472395.90625	2713495	1	8.615648	1185.098	18.45728
2	-471395.90625	2713495	2	-1	1181.829	 0.0
3	-496395.90625	2712495	3	110.5867	1256.583	15.30858
3	-495395.90625	2712495	3	44.79013	1255.486	25.76213
3	-494395.90625	2712495	3	92.51136	1254.15	15.92207
2	-493395.90625	2712495	2	168.9765	1252.576	51.88742
2	-492395.90625	2712495	2	109.7406	1250.767	15.51263
2	-491395.90625	2712495	2	45.78215	1248.729	27.38434
3	-490395.90625	2712495	3	42.47388	1246.471	19.84833
1	-489395.90625	2712495	1	33.88696	1244.002	5.76089
1	-488395.90625	2712495	1	109.3232	1241.336	5.823784
1	-487395.90625	2712495	1	30.96376	1238.485	0.3202898
1	-486395.90625	2712495	1	315	1235.464	 0.0
4	-485395.90625	2712495	4	-1	1232.291	 0.0
4	-484395.90625	2712495	4	-1	1228.982	 0.0
4	-483395.90625	2712495	4	-1	1225.555	 0.0
4	-482395.90625	2712495	4	-1	1222.03	 0.0
4	-481395.90625	2712495	4	-1	1218.426	 0.0
4	-480395.90625	2712495	4	-1	1214.764	 0.0
4	-479395.90625	2712495	4	-1	1211.062	 0.0
3	-478395.90625	2712495	3	310.2364	1207.341	0.8102307
3	-477395.90625	2712495	3	280.9391	1203.621	8.614962
2	-476395.90625	2712495	2	233.427	1199.923	 0.0
2	-475395.90625	2712495	2	7.253195	1196.265	 0.0
1	-474395.90625	2712495	1	179.1186	1192.665	13.70028
2	-473395.90625	2712495	2	131.9059	1189.143	18.13436
1	-472395.90625	2712495	1	233.4711	1185.714	4.801658
3	-471395.90625	2712495	3	8.841815	1182.396	3.258131
3	-495395.90625	2711495	3	100.1678	1257.17	25.04854
2	-494395.90625	2711495	2	39.99936	1255.785	8.079817
2	-493395.90625	2711495	2	42.4552	1254.163	13.43527
2	-492395.90625	2711495	2	99.18884	1252.306	27.32222
2	-491395.90625	2711495	2	111.8998	1250.223	22.07318
2	-490395.90625	2711495	2	90.18663	1247.92	20.99441
1	-489395.90625	2711495	1	98.53077	1245.407	2.894374
1	-488395.90625	2711495	1	90.78483	1242.698	5.214287
1	-487395.90625	2711495	1	-1	1239.804	 0.0
1	-486395.90625	2711495	1	-1	1236.742	 0.0
4	-485395.90625	2711495	4	-1	1233.528	 0.0
4	-484395.90625	2711495	4	-1	1230.178	 0.0
4	-483395.90625	2711495	4	-1	1226.711	 0.0
4	-482395.90625	2711495	4	-1	1223.146	 0.0
4	-481395.90625	2711495	4	-1	1219.501	 0.0
4	-480395.90625	2711495	4	-1	1215.797	 0.0
4	-479395.90625	2711495	4	-1	1212.054	 0.0
3	-478395.90625	2711495	3	241.1276	1208.291	8.222522
3	-477395.90625	2711495	3	247.8336	1204.528	2.087132
2	-476395.90625	2711495	2	220.1792	1200.786	 0.0
2	-475395.90625	2711495	2	127.2782	1197.082	 0.0
1	-474395.90625	2711495	1	55.30485	1193.435	18.57194
2	-473395.90625	2711495	2	284.0363	1189.863	6.468878
2	-472395.90625	2711495	2	315	1186.384	0.1012855
3	-471395.90625	2711495	3	187.0013	1183.012	4.10595
3	-495395.90625	2710495	3	94.87927	1258.976	22.36673
3	-494395.90625	2710495	3	48.14496	1257.538	25.79579
2	-493395.90625	2710495	2	17.27174	1255.864	25.04776
2	-492395.90625	2710495	2	348.3558	1253.958	30.47079
2	-491395.90625	2710495	2	347.7995	1251.825	25.32292
2	-490395.90625	2710495	2	85.19652	1249.474	16.62292
2	-489395.90625	2710495	2	86.63354	1246.914	8.475122
1	-488395.90625	2710495	1	86.18593	1244.159	5.367644
1	-487395.90625	2710495	1	-1	1241.221	 0.0
5	-486395.90625	2710495	5	135	1238.115	 0.0
1	-485395.90625	2710495	1	-1	1234.856	 0.0
4	-484395.90625	2710495	4	-1	1231.463	 0.0
4	-483395.90625	2710495	4	-1	1227.953	 0.0
4	-482395.90625	2710495	4	-1	1224.345	 0.0
4	-481395.90625	2710495	4	-1	1220.658	 0.0
4	-480395.90625	2710495	4	-1	1216.911	 0.0
4	-479395.90625	2710495	4	-1	1213.123	 0.0
4	-478395.90625	2710495	4	-1	1209.316	 0.0
3	-477395.90625	2710495	3	267.3676	1205.507	23.53118
2	-476395.90625	2710495	2	297.8973	1201.717	 0.0
2	-475395.90625	2710495	2	83.11828	1197.965	20.36564
1	-474395.90625	2710495	1	120.2374	1194.268	15.13952
2	-473395.90625	2710495	2	164.6148	1190.644	10.9333
3	-472395.90625	2710495	3	320.5722	1187.109	4.165073
2	-471395.90625	2710495	2	-1	1183.68	 0.0
3	-495395.90625	2709495	3	22.08044	1260.907	15.95916
3	-494395.90625	2709495	3	57.9545	1259.413	29.58624
2	-493395.90625	2709495	2	92.3918	1257.684	26.9849
2	-492395.90625	2709495	2	172.7784	1255.724	36.34702
2	-491395.90625	2709495	2	199.378	1253.539	21.02021
2	-490395.90625	2709495	2	79.85445	1251.137	6.878712
2	-489395.90625	2709495	2	74.33527	1248.527	13.78593
5	-488395.90625	2709495	5	73.21735	1245.723	9.341876
1	-487395.90625	2709495	1	-1	1242.737	 0.0
1	-486395.90625	2709495	1	-1	1239.584	 0.0
1	-485395.90625	2709495	1	-1	1236.279	 0.0
4	-484395.90625	2709495	4	-1	1232.841	 0.0
4	-483395.90625	2709495	4	-1	1229.285	 0.0
4	-482395.90625	2709495	4	-1	1225.632	 0.0
4	-481395.90625	2709495	4	-1	1221.899	 0.0
4	-480395.90625	2709495	4	-1	1218.106	 0.0
4	-479395.90625	2709495	4	-1	1214.272	 0.0
4	-478395.90625	2709495	4	-1	1210.418	 0.0
3	-477395.90625	2709495	3	238.1858	1206.561	17.62693
3	-476395.90625	2709495	3	268.7811	1202.721	 0.0
2	-475395.90625	2709495	2	70.54883	1198.917	1.01275
1	-474395.90625	2709495	1	281.3099	1195.166	0.3651854
2	-473395.90625	2709495	2	305.7539	1191.486	4.403919
3	-472395.90625	2709495	3	326.2188	1187.894	12.30172
2	-471395.90625	2709495	2	-1	1184.404	 0.0
3	-494395.90625	2708495	3	62.69516	1261.411	21.28924
2	-493395.90625	2708495	2	8.011231	1259.624	34.28039
3	-492395.90625	2708495	3	338.8483	1257.607	24.24395
2	-491395.90625	2708495	2	349.1249	1255.366	27.32906
1	-490395.90625	2708495	1	85.25706	1252.909	16.02584
1	-489395.90625	2708495	1	124.8148	1250.247	27.91647
5	-488395.90625	2708495	5	73.69491	1247.391	10.83813
1	-487395.90625	2708495	1	18.43495	1244.354	 0.0
1	-486395.90625	2708495	1	 0.0	1241.151	 0.0
1	-485395.90625	2708495	1	-1	1237.798	 0.0
1	-484395.90625	2708495	1	-1	1234.312	 0.0
1	-483395.90625	2708495	1	-1	1230.708	 0.0
4	-482395.90625	2708495	4	-1	1227.007	 0.0
4	-481395.90625	2708495	4	-1	1223.226	 0.0
4	-480395.90625	2708495	4	-1	1219.385	 0.0
4	-479395.90625	2708495	4	-1	1215.503	 0.0
4	-478395.90625	2708495	4	-1	1211.598	 0.0
3	-477395.90625	2708495	3	242.8787	1207.69	16.0615
3	-476395.90625	2708495	3	257.0574	1203.798	21.14898
2	-475395.90625	2708495	2	102.3665	1199.939	 0.0
1	-474395.90625	2708495	1	72.29958	1196.132	7.031291
2	-473395.90625	2708495	2	246.0375	1192.393	2.819212
3	-472395.90625	2708495	3	257.3666	1188.739	8.452167
3	-471395.90625	2708495	3	135	1185.184	0.1012855
3	-470395.90625	2708495	3	354.5362	1181.743	8.217058
3	-493395.90625	2707495	3	87.1237	1261.471	37.67614
3	-492395.90625	2707495	3	23.13363	1259.4	16.14736
3	-491395.90625	2707495	3	77.59092	1257.106	40.14611
2	-490395.90625	2707495	2	87.30219	1254.598	13.44235
2	-489395.90625	2707495	2	99.9341	1251.886	12.65953
5	-488395.90625	2707495	5	92.00955	1248.981	15.91685
1	-487395.90625	2707495	1	61.14434	1245.896	4.000353
1	-486395.90625	2707495	1	-1	1242.646	 0.0
1	-485395.90625	2707495	1	-1	1239.247	 0.0
1	-484395.90625	2707495	1	18.43495	1235.715	 0.0
1	-483395.90625	2707495	1	-1	1232.066	 0.0
1	-482395.90625	2707495	1	-1	1228.32	 0.0
4	-481395.90625	2707495	4	-1	1224.494	 0.0
4	-480395.90625	2707495	4	-1	1220.608	 0.0
4	-479395.90625	2707495	4	-1	1216.679	 0.0
4	-478395.90625	2707495	4	-1	1212.728	 0.0
3	-477395.90625	2707495	3	225	1208.771	0.1012855
3	-476395.90625	2707495	3	251.8083	1204.829	20.4234
3	-475395.90625	2707495	3	102.6698	1200.919	 0.0
1	-474395.90625	2707495	1	120.2032	1197.058	16.20998
3	-473395.90625	2707495	3	168.8785	1193.264	8.477473
1	-472395.90625	2707495	1	246.0375	1189.551	2.819212
1	-471395.90625	2707495	1	116.2814	1185.935	12.72649
3	-470395.90625	2707495	3	158.5948	1182.429	9.52695
3	-469395.90625	2707495	3	312.9546	1179.046	2.835487
3	-468395.90625	2707495	3			
3	-492395.90625	2706495	3	101.0579	1261.5	48.09802
3	-491395.90625	2706495	3	25.27772	1259.144	30.84484
2	-490395.90625	2706495	2	25.58637	1256.576	23.04849
2	-489395.90625	2706495	2	21.06595	1253.805	19.88361
3	-488395.90625	2706495	3	92.02136	1250.843	17.69
5	-487395.90625	2706495	5	54.24611	1247.703	4.403919
1	-486395.90625	2706495	1	54.46232	1244.399	0.6160724
1	-485395.90625	2706495	1	45	1240.946	0.1012855
1	-484395.90625	2706495	1	71.56505	1237.36	 0.0
1	-483395.90625	2706495	1	45	1233.66	 0.0
1	-482395.90625	2706495	1	-1	1229.861	 0.0
4	-481395.90625	2706495	4	-1	1225.983	 0.0
4	-480395.90625	2706495	4	-1	1222.044	 0.0
4	-479395.90625	2706495	4	-1	1218.062	 0.0
4	-478395.90625	2706495	4	-1	1214.055	 0.0
3	-477395.90625	2706495	3	-1	1210.043	 0.0
1	-476395.90625	2706495	1	256.382	1206.043	35.22594
1	-475395.90625	2706495	1	135	1202.073	16.72659
1	-474395.90625	2706495	1	46.15968	1198.151	18.43119
1	-473395.90625	2706495	1	205.4928	1194.291	22.69556
1	-472395.90625	2706495	1	325.3389	1190.51	14.89295
1	-471395.90625	2706495	1	352.8157	1186.823	3.614651
3	-470395.90625	2706495	3	166.1672	1183.242	14.36901
3	-469395.90625	2706495	3	240.3763	1179.78	4.194318
3	-492395.90625	2705495	3	149.4898	1263.709	18.00416
2	-491395.90625	2705495	2	102.5739	1261.289	34.56784
2	-490395.90625	2705495	2	61.28492	1258.657	18.14991
2	-489395.90625	2705495	2	60.14571	1255.825	13.68918
3	-488395.90625	2705495	3	92.23698	1252.803	17.75735
5	-487395.90625	2705495	5	38.4802	1249.605	3.56347
5	-486395.90625	2705495	5	51.58194	1246.243	5.28674
5	-485395.90625	2705495	5	 0.0	1242.734	0.2864765
1	-484395.90625	2705495	1	-1	1239.094	 0.0
1	-483395.90625	2705495	1	45	1235.338	 0.0
1	-482395.90625	2705495	1	45	1231.485	 0.0
1	-481395.90625	2705495	1	-1	1227.552	 0.0
4	-480395.90625	2705495	4	-1	1223.558	 0.0
4	-479395.90625	2705495	4	-1	1219.52	 0.0
4	-478395.90625	2705495	4	-1	1215.457	 0.0
3	-477395.90625	2705495	3	-1	1211.387	 0.0
4	-476395.90625	2705495	4	189.7188	1207.327	12.92797
1	-475395.90625	2705495	1	153.435	1203.295	0.6405596
1	-474395.90625	2705495	1	199.9831	1199.307	2.190075
3	-473395.90625	2705495	3	212.5209	1195.379	12.45583
1	-472395.90625	2705495	1	237.8244	1191.527	12.57116
3	-471395.90625	2705495	3	135	1187.765	0.1012855
3	-470395.90625	2705495	3	-1	1184.106	 0.0
3	-469395.90625	2705495	3	182.2457	1180.561	20.94655
3	-468395.90625	2705495	3			
3	-492395.90625	2704495	3	85.42608	1266.02	3.587731
2	-491395.90625	2704495	2	66.33686	1263.532	36.08362
3	-490395.90625	2704495	3	32.93869	1260.835	22.92813
2	-489395.90625	2704495	2	91.4232	1257.939	21.93091
2	-488395.90625	2704495	2	104.8084	1254.855	12.67887
3	-487395.90625	2704495	3	85.88777	1251.595	10.85436
5	-486395.90625	2704495	5	63.43495	1248.174	4.474982
5	-485395.90625	2704495	5	54.46232	1244.607	3.077518
5	-484395.90625	2704495	5	-1	1240.909	 0.0
1	-483395.90625	2704495	1	-1	1237.096	 0.0
1	-482395.90625	2704495	1	71.56505	1233.187	 0.0
1	-481395.90625	2704495	1	45	1229.197	 0.0
4	-480395.90625	2704495	4	-1	1225.146	 0.0
4	-479395.90625	2704495	4	-1	1221.05	 0.0
4	-478395.90625	2704495	4	-1	1216.928	 0.0
4	-477395.90625	2704495	4	-1	1212.798	 0.0
4	-476395.90625	2704495	4	120.6997	1208.675	4.706511
4	-475395.90625	2704495	4	-1	1204.579	 0.0
1	-474395.90625	2704495	1	270	1200.523	0.2864765
3	-473395.90625	2704495	3	-1	1196.526	 0.0
1	-472395.90625	2704495	1	354.5881	1192.6	 0.0
1	-471395.90625	2704495	1	281.3099	1188.76	0.3651854
1	-470395.90625	2704495	1	315	1185.019	0.2025703
3	-469395.90625	2704495	3	231.9811	1181.388	4.987427
3	-468395.90625	2704495	3	288.4349	1177.878	5.867916
2	-491395.90625	2703495	2	124.1749	1265.867	34.858
2	-490395.90625	2703495	2	79.14989	1263.102	16.98585
2	-489395.90625	2703495	2	24.37647	1260.139	19.35734
2	-488395.90625	2703495	2	104.6488	1256.99	28.31415
2	-487395.90625	2703495	2	52.78105	1253.668	16.02699
1	-486395.90625	2703495	1	87.6627	1250.185	6.989695
1	-485395.90625	2703495	1	64.0256	1246.557	3.103968
5	-484395.90625	2703495	5	47.72631	1242.799	2.128428
1	-483395.90625	2703495	1	-1	1238.928	 0.0
1	-482395.90625	2703495	1	-1	1234.96	 0.0
5	-481395.90625	2703495	5	-1	1230.912	 0.0
1	-480395.90625	2703495	1	-1	1226.802	 0.0
4	-479395.90625	2703495	4	-1	1222.646	 0.0
4	-478395.90625	2703495	4	-1	1218.464	 0.0
4	-477395.90625	2703495	4	-1	1214.271	 0.0
4	-476395.90625	2703495	4	-1	1210.084	 0.0
1	-475395.90625	2703495	1	-1	1205.92	 0.0
4	-474395.90625	2703495	4	241.3895	1201.796	1.548994
1	-473395.90625	2703495	1	163.831	1197.725	6.16202
1	-472395.90625	2703495	1	225	1193.723	0.1012855
1	-471395.90625	2703495	1	154.2127	1189.803	13.8802
1	-470395.90625	2703495	1	249.7751	1185.977	2.897904
1	-469395.90625	2703495	1	225	1182.257	0.1012855
3	-468395.90625	2703495	3	234.4623	1178.653	3.077518
3	-467395.90625	2703495	3	323.3659	1175.174	6.92754
2	-491395.90625	2702495	2	74.0546	1268.283	25.32385
2	-490395.90625	2702495	2	134.6193	1265.447	28.01787
3	-489395.90625	2702495	3	7.001267	1262.416	32.86518
2	-488395.90625	2702495	2	90.45472	1259.2	32.21174
2	-487395.90625	2702495	2	32.75767	1255.812	10.85436
3	-486395.90625	2702495	3	70.55997	1252.266	15.13181
5	-485395.90625	2702495	5	40.91438	1248.575	2.840892
5	-484395.90625	2702495	5	59.62087	1244.756	2.406116
1	-483395.90625	2702495	1	18.43495	1240.824	0.2264803
1	-482395.90625	2702495	1	45	1236.796	0.3038539
1	-481395.90625	2702495	1	71.56505	1232.688	 0.0
1	-480395.90625	2702495	1	-1	1228.517	 0.0
4	-479395.90625	2702495	4	-1	1224.3	 0.0
4	-478395.90625	2702495	4	-1	1220.055	 0.0
4	-477395.90625	2702495	4	-1	1215.798	 0.0
4	-476395.90625	2702495	4	-1	1211.546	 0.0
4	-475395.90625	2702495	4	-1	1207.313	 0.0
4	-474395.90625	2702495	4	-1	1203.117	 0.0
1	-473395.90625	2702495	1	225	1198.972	 0.0
1	-472395.90625	2702495	1	29.0546	1194.892	 0.0
1	-471395.90625	2702495	1	134.5524	1190.889	 0.0
3	-470395.90625	2702495	3	184.0593	1186.977	10.9921
3	-469395.90625	2702495	3	217.5284	1183.165	6.206932
3	-468395.90625	2702495	3	263.5302	1179.464	6.957244
3	-467395.90625	2702495	3	249.3046	1175.882	11.36659
2	-491395.90625	2701495	2	66.97451	1270.768	23.49103
2	-490395.90625	2701495	2	119.2739	1267.859	34.91019
2	-489395.90625	2701495	2	3.389193	1264.757	36.50308
2	-488395.90625	2701495	2	89.1186	1261.473	22.11181
2	-487395.90625	2701495	2	44.5117	1258.018	31.89304
2	-486395.90625	2701495	2	75.91743	1254.406	20.55709
5	-485395.90625	2701495	5	33.15792	1250.651	6.389643
1	-484395.90625	2701495	1	66.16126	1246.769	3.363021
1	-483395.90625	2701495	1	66.03751	1242.775	1.41046
5	-482395.90625	2701495	5	-1	1238.685	 0.0
1	-481395.90625	2701495	1	-1	1234.515	 0.0
1	-480395.90625	2701495	1	71.56505	1230.282	 0.0
4	-479395.90625	2701495	4	-1	1226.003	 0.0
4	-478395.90625	2701495	4	-1	1221.694	 0.0
4	-477395.90625	2701495	4	-1	1217.372	 0.0
4	-476395.90625	2701495	4	-1	1213.052	 0.0
4	-475395.90625	2701495	4	-1	1208.75	 0.0
4	-474395.90625	2701495	4	-1	1204.481	 0.0
3	-473395.90625	2701495	3	-1	1200.26	 0.0
1	-472395.90625	2701495	1	49.08562	1196.099	4.256982
1	-471395.90625	2701495	1	22.34065	1192.012	11.16166
1	-470395.90625	2701495	1	358.8466	1188.011	10.55254
3	-469395.90625	2701495	3	357.2737	1184.105	4.507831
1	-468395.90625	2701495	1	315	1180.305	0.1012855
3	-467395.90625	2701495	3	249.6816	1176.618	27.88676
2	-466395.90625	2701495	2	82.87498	1173.052	7.771342
3	-491395.90625	2700495	3	103.6959	1273.565	17.02493
3	-490395.90625	2700495	3	358.5174	1270.574	27.98742
3	-489395.90625	2700495	3	151.728	1267.392	18.66477
2	-488395.90625	2700495	2	153.5609	1264.03	51.82176
2	-487395.90625	2700495	2	22.33114	1260.499	25.50232
2	-486395.90625	2700495	2	40.18645	1256.813	26.82101
2	-485395.90625	2700495	2	34.42648	1252.987	7.68128
1	-484395.90625	2700495	1	55.20397	1249.034	5.131899
5	-483395.90625	2700495	5	36.46923	1244.97	4.089788
1	-482395.90625	2700495	1	-1	1240.811	 0.0
1	-481395.90625	2700495	1	71.56505	1236.572	0.2264803
5	-480395.90625	2700495	5	157.6199	1232.27	 0.0
4	-479395.90625	2700495	4	-1	1227.921	 0.0
4	-478395.90625	2700495	4	-1	1223.54	 0.0
4	-477395.90625	2700495	4	-1	1219.145	 0.0
4	-476395.90625	2700495	4	-1	1214.75	 0.0
4	-475395.90625	2700495	4	-1	1210.37	 0.0
4	-474395.90625	2700495	4	-1	1206.019	 0.0
3	-473395.90625	2700495	3	303.6901	1201.712	1.032802
1	-472395.90625	2700495	1	323.9149	1197.463	4.619282
1	-471395.90625	2700495	1	225.4774	1193.281	11.97713
1	-470395.90625	2700495	1	140.2503	1189.18	18.18094
1	-469395.90625	2700495	1	188.1301	1185.169	15.79317
1	-468395.90625	2700495	1	-1	1181.258	 0.0
1	-467395.90625	2700495	1	225	1177.453	1.215245
3	-466395.90625	2700495	3	178.4234	1173.763	7.761676
2	-465395.90625	2700495	2	188.6156	1170.191	2.38904
2	-464395.90625	2700495	2	227.7481	1166.743	12.47436
2	-463395.90625	2700495	2	259.5923	1163.42	10.58222
2	-490395.90625	2699495	2	29.30508	1272.829	12.52671
2	-489395.90625	2699495	2	53.21482	1269.58	26.89643
2	-488395.90625	2699495	2	74.69234	1266.153	25.55788
2	-487395.90625	2699495	2	141.3644	1262.559	24.81911
2	-486395.90625	2699495	2	26.77752	1258.812	24.33476
2	-485395.90625	2699495	2	27.04383	1254.926	11.34817
1	-484395.90625	2699495	1	57.20047	1250.914	7.623028
1	-483395.90625	2699495	1	51.5198	1246.792	3.56347
1	-482395.90625	2699495	1	46.90915	1242.576	3.037407
1	-481395.90625	2699495	1	83.65981	1238.279	 0.0
1	-480395.90625	2699495	1	90	1233.92	 0.0
4	-479395.90625	2699495	4	-1	1229.513	 0.0
4	-478395.90625	2699495	4	-1	1225.074	 0.0
4	-477395.90625	2699495	4	-1	1220.618	 0.0
4	-476395.90625	2699495	4	-1	1216.16	 0.0
4	-475395.90625	2699495	4	-1	1211.716	 0.0
4	-474395.90625	2699495	4	-1	1207.298	 0.0
4	-473395.90625	2699495	4	225	1202.921	 0.0
1	-472395.90625	2699495	1	141.8883	1198.597	14.85895
3	-471395.90625	2699495	3	-1	1194.338	 0.0
3	-470395.90625	2699495	3	-1	1190.154	 0.0
3	-469395.90625	2699495	3	-1	1186.056	 0.0
1	-468395.90625	2699495	1	295.6022	1182.052	7.579528
3	-467395.90625	2699495	3	-1	1178.151	 0.0
3	-466395.90625	2699495	3	260.5679	1174.357	21.25649
1	-465395.90625	2699495	1	345.7163	1170.677	26.17146
2	-464395.90625	2699495	2	337.2856	1167.114	6.647187
2	-463395.90625	2699495	2			
3	-462395.90625	2699495	3			
2	-490395.90625	2698495	2	102.0023	1275.354	25.96117
2	-489395.90625	2698495	2	14.22812	1272.03	24.35316
2	-488395.90625	2698495	2	17.56027	1268.53	27.37889
2	-487395.90625	2698495	2	35.69006	1264.865	18.15015
2	-486395.90625	2698495	2	81.42009	1261.049	19.81318
2	-485395.90625	2698495	2	80.71645	1257.095	14.75925
2	-484395.90625	2698495	2	29.33184	1253.017	8.561643
1	-483395.90625	2698495	1	75.84659	1248.831	8.432692
5	-482395.90625	2698495	5	55.61966	1244.55	3.293986
1	-481395.90625	2698495	1	80.75389	1240.189	3.117109
1	-480395.90625	2698495	1	3.012788	1235.766	 0.0
4	-479395.90625	2698495	4	-1	1231.294	 0.0
4	-478395.90625	2698495	4	-1	1226.789	 0.0
4	-477395.90625	2698495	4	-1	1222.266	 0.0
4	-476395.90625	2698495	4	-1	1217.739	 0.0
4	-475395.90625	2698495	4	-1	1213.223	 0.0
4	-474395.90625	2698495	4	-1	1208.73	 0.0
4	-473395.90625	2698495	4	-1	1204.275	 0.0
3	-472395.90625	2698495	3	-1	1199.868	 0.0
3	-471395.90625	2698495	3	270	1195.522	0.2864765
3	-470395.90625	2698495	3	3.814075	1191.246	5.367644
5	-469395.90625	2698495	5	267.2073	1187.051	11.59853
3	-468395.90625	2698495	3	-1	1182.944	 0.0
3	-467395.90625	2698495	3	289.9831	1178.933	1.676096
1	-466395.90625	2698495	1	302.1167	1175.024	18.8254
3	-465395.90625	2698495	3	261.8699	1171.222	10.02499
2	-464395.90625	2698495	2	288.8432	1167.53	18.40941
2	-463395.90625	2698495	2	253.272	1163.951	13.43385
3	-462395.90625	2698495	3			
2	-489395.90625	2697495	2	99.37547	1274.482	15.63305
3	-488395.90625	2697495	3	122.4285	1270.908	37.65259
2	-487395.90625	2697495	2	118.5728	1267.172	31.23039
2	-486395.90625	2697495	2	356.389	1263.286	25.79144
2	-485395.90625	2697495	2	65.41843	1259.264	14.48943
2	-484395.90625	2697495	2	97.43141	1255.12	14.62475
2	-483395.90625	2697495	2	9.688787	1250.868	5.936462
2	-482395.90625	2697495	2	52.94347	1246.522	4.38887
5	-481395.90625	2697495	5	74.42746	1242.099	4.525851
1	-480395.90625	2697495	1	-1	1237.611	 0.0
4	-479395.90625	2697495	4	-1	1233.074	 0.0
4	-478395.90625	2697495	4	-1	1228.503	 0.0
4	-477395.90625	2697495	4	-1	1223.913	 0.0
4	-476395.90625	2697495	4	-1	1219.317	 0.0
4	-475395.90625	2697495	4	-1	1214.729	 0.0
4	-474395.90625	2697495	4	-1	1210.162	 0.0
1	-473395.90625	2697495	1	-1	1205.628	 0.0
3	-472395.90625	2697495	3	329.0363	1201.139	0.6160724
1	-471395.90625	2697495	1	281.6593	1196.706	20.95307
3	-470395.90625	2697495	3	246.1814	1192.338	8.624199
5	-469395.90625	2697495	5	270	1188.045	0.2864765
3	-468395.90625	2697495	3	-1	1183.835	 0.0
1	-467395.90625	2697495	1	308.8845	1179.715	5.685719
3	-466395.90625	2697495	3	175.827	1175.69	16.27908
2	-465395.90625	2697495	2	234.8939	1171.765	7.25702
2	-464395.90625	2697495	2	228.2336	1167.944	17.40066
2	-463395.90625	2697495	2	267.6627	1164.229	6.989695
3	-462395.90625	2697495	3	326.6115	1160.621	7.505104
2	-461395.90625	2697495	2			
2	-488395.90625	2696495	2	73.79556	1273.268	41.1356
2	-487395.90625	2696495	2	70.52579	1269.46	19.22359
2	-486395.90625	2696495	2	140.9806	1265.505	20.46873
1	-485395.90625	2696495	1	116.7072	1261.415	12.6959
1	-484395.90625	2696495	1	347.8491	1257.205	14.96192
2	-483395.90625	2696495	2	35.49191	1252.887	19.99418
2	-482395.90625	2696495	2	76.70143	1248.477	15.77909
5	-481395.90625	2696495	5	53.00473	1243.99	6.517797
5	-480395.90625	2696495	5	45	1239.438	0.4051356
1	-479395.90625	2696495	1	-1	1234.837	 0.0
4	-478395.90625	2696495	4	-1	1230.201	 0.0
4	-477395.90625	2696495	4	-1	1225.544	 0.0
4	-476395.90625	2696495	4	-1	1220.88	 0.0
4	-475395.90625	2696495	4	-1	1216.221	 0.0
4	-474395.90625	2696495	4	-1	1211.579	 0.0
1	-473395.90625	2696495	1	-1	1206.968	 0.0
5	-472395.90625	2696495	5	278.8418	1202.397	6.495326
3	-471395.90625	2696495	3	83.4802	1197.877	5.033029
1	-470395.90625	2696495	1	282.8356	1193.418	11.45099
3	-469395.90625	2696495	3	-1	1189.029	 0.0
1	-468395.90625	2696495	1	-1	1184.716	 0.0
3	-467395.90625	2696495	3	194.1911	1180.487	12.64473
3	-466395.90625	2696495	3	304.992	1176.346	1.747918
3	-465395.90625	2696495	3	330.6584	1172.299	13.62237
3	-464395.90625	2696495	3	260.8376	1168.349	11.10341
3	-463395.90625	2696495	3	189.428	1164.498	17.44844
2	-462395.90625	2696495	2	212.3998	1160.747	17.11552
3	-461395.90625	2696495	3	36.11934	1157.096	3.276887
3	-488395.90625	2695495	3	151.3482	1275.591	22.51432
3	-487395.90625	2695495	3	81.1871	1271.711	18.07425
2	-486395.90625	2695495	2	341.0211	1267.686	44.98065
2	-485395.90625	2695495	2	54.74709	1263.529	16.29715
2	-484395.90625	2695495	2	97.66048	1259.252	12.17083
2	-483395.90625	2695495	2	64.00598	1254.87	9.551818
2	-482395.90625	2695495	2	17.77451	1250.396	15.3414
1	-481395.90625	2695495	1	29.25607	1245.845	19.0495
1	-480395.90625	2695495	1	86.82017	1241.231	5.150652
5	-479395.90625	2695495	5	18.43495	1236.567	 0.0
4	-478395.90625	2695495	4	-1	1231.866	 0.0
4	-477395.90625	2695495	4	-1	1227.144	 0.0
4	-476395.90625	2695495	4	-1	1222.412	 0.0
4	-475395.90625	2695495	4	-1	1217.683	 0.0
1	-474395.90625	2695495	1	-1	1212.968	 0.0
1	-473395.90625	2695495	1	315	1208.28	 0.0
2	-472395.90625	2695495	2	270	1203.629	0.2864765
3	-471395.90625	2695495	3	215.8698	1199.024	8.683986
5	-470395.90625	2695495	5	62.10273	1194.475	1.377367
1	-469395.90625	2695495	1	206.464	1189.99	17.58669
1	-468395.90625	2695495	1	165.774	1185.575	10.37678
3	-467395.90625	2695495	3	295.4892	1181.238	13.39727
3	-466395.90625	2695495	3	273.2155	1176.983	12.56313
3	-465395.90625	2695495	3	247.6199	1172.814	16.39048
3	-464395.90625	2695495	3	135	1168.736	 0.0
3	-463395.90625	2695495	3	149.6973	1164.749	12.56925
3	-462395.90625	2695495	3	175.1604	1160.856	28.73175
3	-461395.90625	2695495	3	182.7839	1157.055	30.62335
2	-460395.90625	2695495	2	167.0341	1153.346	20.46894
2	-459395.90625	2695495	2			
2	-487395.90625	2694495	2	339.479	1273.904	25.53943
2	-486395.90625	2694495	2	109.9354	1269.809	27.16941
2	-485395.90625	2694495	2	359.7347	1265.584	28.3693
2	-484395.90625	2694495	2	356.6188	1261.242	29.78018
2	-483395.90625	2694495	2	67.41269	1256.796	18.69899
2	-482395.90625	2694495	2	15.64225	1252.26	24.43355
1	-481395.90625	2694495	1	66.90871	1247.647	9.942611
1	-480395.90625	2694495	1	56.76829	1242.97	4.953713
5	-479395.90625	2694495	5	18.43495	1238.244	0.2264803
4	-478395.90625	2694495	4	-1	1233.481	 0.0
4	-477395.90625	2694495	4	-1	1228.695	 0.0
4	-476395.90625	2694495	4	-1	1223.896	 0.0
4	-475395.90625	2694495	4	-1	1219.099	 0.0
1	-474395.90625	2694495	1	-1	1214.313	 0.0
1	-473395.90625	2694495	1	288.4349	1209.55	 0.0
1	-472395.90625	2694495	1	279.0999	1204.82	 0.0
1	-471395.90625	2694495	1	-1	1200.132	 0.0
1	-470395.90625	2694495	1	-1	1195.494	 0.0
1	-469395.90625	2694495	1	-1	1190.915	 0.0
1	-468395.90625	2694495	1	-1	1186.4	 0.0
1	-467395.90625	2694495	1	237.9946	1181.957	4.04721
1	-466395.90625	2694495	1	251.8249	1177.589	19.22084
1	-465395.90625	2694495	1	166.6864	1173.301	18.6004
2	-464395.90625	2694495	2	166.3287	1169.096	10.77977
2	-463395.90625	2694495	2	200.5707	1164.975	10.30556
2	-462395.90625	2694495	2	205.4417	1160.94	15.91568
2	-461395.90625	2694495	2	144.517	1156.991	31.35932
3	-460395.90625	2694495	3	278.0632	1153.128	16.85657
3	-459395.90625	2694495	3			
2	-488395.90625	2693495	2	101.8972	1280.038	40.38635
2	-487395.90625	2693495	2	198.7101	1276.015	33.36698
2	-486395.90625	2693495	2	170.306	1271.853	33.4521
2	-485395.90625	2693495	2	24.83309	1267.561	27.25685
2	-484395.90625	2693495	2	146.1292	1263.155	23.73039
2	-483395.90625	2693495	2	116.1753	1258.647	4.697862
1	-482395.90625	2693495	1	186.4454	1254.049	16.73342
5	-481395.90625	2693495	5	102.9946	1249.375	19.30121
5	-480395.90625	2693495	5	79.69515	1244.639	3.199601
5	-479395.90625	2693495	5	71.56505	1239.852	2.037474
4	-478395.90625	2693495	4	45	1235.028	 0.0
5	-477395.90625	2693495	5	-1	1230.179	 0.0
5	-476395.90625	2693495	5	-1	1225.317	 0.0
5	-475395.90625	2693495	5	-1	1220.453	 0.0
1	-474395.90625	2693495	1	315	1215.598	0.1012855
1	-473395.90625	2693495	1	333.4349	1210.762	0.3202898
2	-472395.90625	2693495	2	-1	1205.955	 0.0
1	-471395.90625	2693495	1	-1	1201.186	 0.0
1	-470395.90625	2693495	1	-1	1196.462	 0.0
1	-469395.90625	2693495	1	-1	1191.791	 0.0
5	-468395.90625	2693495	5	-1	1187.179	 0.0
1	-467395.90625	2693495	1	225	1182.632	0.3038539
3	-466395.90625	2693495	3	218.6598	1178.153	12.6318
2	-465395.90625	2693495	2	-1	1173.748	 0.0
2	-464395.90625	2693495	2	18.68735	1169.418	10.17406
3	-463395.90625	2693495	3	339.8232	1165.166	41.48521
1	-462395.90625	2693495	1	5.345445	1160.992	40.65382
2	-461395.90625	2693495	2	30.47985	1156.897	14.24243
3	-460395.90625	2693495	3	260.7701	1152.881	11.45439
2	-459395.90625	2693495	2			
2	-489395.90625	2692495	2	201.6444	1286.058	22.95844
2	-488395.90625	2692495	2	188.096	1282.116	30.73897
2	-487395.90625	2692495	2	103.1611	1278.024	27.29621
2	-486395.90625	2692495	2	238.9812	1273.794	24.05241
2	-485395.90625	2692495	2	207.2929	1269.438	17.12109
3	-484395.90625	2692495	3	99.68879	1264.969	14.57196
2	-483395.90625	2692495	2	76.50426	1260.4	27.21215
2	-482395.90625	2692495	2	43.92918	1255.742	20.72505
5	-481395.90625	2692495	5	99.38151	1251.01	16.24599
5	-480395.90625	2692495	5	81.8699	1246.215	3.540482
5	-479395.90625	2692495	5	108.435	1241.37	1.13226
5	-478395.90625	2692495	5	108.435	1236.487	 0.0
5	-477395.90625	2692495	5	-1	1231.578	 0.0
5	-476395.90625	2692495	5	-1	1226.654	 0.0
5	-475395.90625	2692495	5	-1	1221.727	 0.0
2	-474395.90625	2692495	2	-1	1216.805	 0.0
3	-473395.90625	2692495	3	-1	1211.9	 0.0
2	-472395.90625	2692495	2	-1	1207.019	 0.0
2	-471395.90625	2692495	2	70.4928	1202.171	16.47425
1	-470395.90625	2692495	1	-1	1197.364	 0.0
1	-469395.90625	2692495	1	-1	1192.604	 0.0
1	-468395.90625	2692495	1	-1	1187.898	 0.0
3	-467395.90625	2692495	3	278.1301	1183.249	0.5064147
1	-466395.90625	2692495	1	326.6593	1178.663	6.487559
1	-465395.90625	2692495	1	278.0224	1174.143	10.65235
1	-464395.90625	2692495	1	13.69872	1169.692	18.25506
2	-463395.90625	2692495	2	298.3008	1165.311	19.32396
2	-462395.90625	2692495	2	182.8562	1161.002	8.747888
2	-461395.90625	2692495	2	15.41606	1156.764	7.66235
3	-460395.90625	2692495	3	18.43495	1152.598	20.38344
2	-489395.90625	2691495	2	102.8307	1288.08	35.77238
2	-488395.90625	2691495	2	260.0793	1284.067	43.54511
2	-487395.90625	2691495	2	139.7778	1279.906	30.72161
2	-486395.90625	2691495	2	265.1644	1275.611	30.04116
2	-485395.90625	2691495	2	84.32075	1271.193	24.45282
2	-484395.90625	2691495	2	254.9696	1266.663	29.21081
2	-483395.90625	2691495	2	222.0134	1262.034	10.71284
2	-482395.90625	2691495	2	68.25411	1257.32	25.59881
1	-481395.90625	2691495	1	87.26328	1252.53	33.20461
5	-480395.90625	2691495	5	133.6028	1247.68	8.250387
5	-479395.90625	2691495	5	-1	1242.779	 0.0
3	-478395.90625	2691495	3	26.56505	1237.84	 0.0
5	-477395.90625	2691495	5	315	1232.873	 0.0
1	-476395.90625	2691495	1	-1	1227.891	 0.0
2	-475395.90625	2691495	2	-1	1222.902	 0.0
2	-474395.90625	2691495	2	-1	1217.917	 0.0
2	-473395.90625	2691495	2	352.7111	1212.945	12.22977
3	-472395.90625	2691495	3	256.7391	1207.994	11.3995
1	-471395.90625	2691495	1	118.8774	1203.071	13.25376
5	-470395.90625	2691495	5	-1	1198.184	 0.0
1	-469395.90625	2691495	1	-1	1193.339	 0.0
1	-468395.90625	2691495	1	-1	1188.542	 0.0
1	-467395.90625	2691495	1	284.0363	1183.796	1.181015
3	-466395.90625	2691495	3	261.2538	1179.106	3.762623
2	-465395.90625	2691495	2	207.0309	1174.475	11.65571
3	-464395.90625	2691495	3	191.8983	1169.906	20.90467
3	-463395.90625	2691495	3	319.3987	1165.401	27.92913
3	-462395.90625	2691495	3	228.7314	1160.959	9.256682
2	-461395.90625	2691495	2	333.5437	1156.583	16.4151
3	-460395.90625	2691495	3	161.565	1152.27	 0.0
2	-459395.90625	2691495	2	1.054404	1148.021	11.51828
2	-496395.90625	2690495	2	335.6506	1313.68	20.60327
2	-495395.90625	2690495	2			
2	-489395.90625	2690495	2	48.33708	1289.948	31.27341
3	-488395.90625	2690495	3	103.2609	1285.865	11.3995
3	-487395.90625	2690495	3	155.1484	1281.639	27.63089
2	-486395.90625	2690495	2	235.1154	1277.281	37.41451
3	-485395.90625	2690495	3	200.8617	1272.801	41.26787
3	-484395.90625	2690495	3	231.9662	1268.213	28.9805
3	-483395.90625	2690495	3	195.4051	1263.528	22.72377
3	-482395.90625	2690495	3	194.6678	1258.758	30.00957
2	-481395.90625	2690495	2	124.992	1253.916	32.65354
5	-480395.90625	2690495	5	-1	1249.012	 0.0
5	-479395.90625	2690495	5	-1	1244.058	 0.0
3	-478395.90625	2690495	3	-1	1239.066	 0.0
1	-477395.90625	2690495	1	-1	1234.046	 0.0
1	-476395.90625	2690495	1	-1	1229.008	 0.0
3	-475395.90625	2690495	3	315	1223.962	0.5064147
3	-474395.90625	2690495	3	338.7671	1218.917	11.88954
3	-473395.90625	2690495	3	45	1213.881	0.1012855
3	-472395.90625	2690495	3	349.0193	1208.863	7.65254
1	-471395.90625	2690495	1	150.2874	1203.87	25.36044
5	-470395.90625	2690495	5	-1	1198.907	 0.0
5	-469395.90625	2690495	5	-1	1193.981	 0.0
1	-468395.90625	2690495	1	-1	1189.096	 0.0
3	-467395.90625	2690495	3	220.6013	1184.257	6.574011
3	-466395.90625	2690495	3	-1	1179.468	 0.0
3	-465395.90625	2690495	3	356.3555	1174.731	21.22147
1	-464395.90625	2690495	1	306.5493	1170.049	17.36733
2	-463395.90625	2690495	2	172.1288	1165.423	28.70775
2	-462395.90625	2690495	2	159.1022	1160.854	20.20133
2	-461395.90625	2690495	2	156.7665	1156.343	28.31067
3	-460395.90625	2690495	3	206.9165	1151.889	5.206498
2	-459395.90625	2690495	2	358.8309	1147.492	17.03055
2	-496395.90625	2689495	2	263.9225	1315.925	31.05359
2	-495395.90625	2689495	2	17.37404	1313.023	23.12155
1	-494395.90625	2689495	1	31.02369	1309.921	22.28783
2	-488395.90625	2689495	2	115.8778	1287.489	27.14219
2	-487395.90625	2689495	2	128.1572	1283.199	14.95285
2	-486395.90625	2689495	2	190.1755	1278.779	11.20611
2	-485395.90625	2689495	2	164.1975	1274.242	22.06863
2	-484395.90625	2689495	2	178.6184	1269.598	33.97784
2	-483395.90625	2689495	2	169.3697	1264.859	22.45745
2	-482395.90625	2689495	2	183.4833	1260.038	16.0681
2	-481395.90625	2689495	2	115.6277	1255.144	30.15215
1	-480395.90625	2689495	1	18.43495	1250.191	9.866487
1	-479395.90625	2689495	1	-1	1245.188	 0.0
3	-478395.90625	2689495	3	266.6335	1240.146	1.219456
1	-477395.90625	2689495	1	88.42345	1235.075	7.761676
1	-476395.90625	2689495	1	317.075	1229.985	13.71829
3	-475395.90625	2689495	3	300.1137	1224.886	8.222522
3	-474395.90625	2689495	3	36.67435	1219.785	4.189458
1	-473395.90625	2689495	1	-1	1214.691	 0.0
1	-472395.90625	2689495	1	97.48995	1209.61	17.55998
3	-471395.90625	2689495	3	329.7887	1204.55	12.87338
1	-470395.90625	2689495	1	97.56143	1199.516	8.109432
1	-469395.90625	2689495	1	-1	1194.513	 0.0
3	-468395.90625	2689495	3	-1	1189.546	 0.0
3	-467395.90625	2689495	3	273.2397	1184.62	7.559668
3	-466395.90625	2689495	3	255.9638	1179.736	8.211591
1	-465395.90625	2689495	1	135	1174.898	4.447611
2	-464395.90625	2689495	2	110.8716	1170.108	10.53395
1	-463395.90625	2689495	1	225.8425	1165.367	6.855264
1	-462395.90625	2689495	1	315	1160.676	2.530493
2	-461395.90625	2689495	2	291.4253	1156.035	6.055333
2	-460395.90625	2689495	2	276.8428	1151.445	19.09668
2	-498395.90625	2688495	2	296.5651	1323.318	28.71554
2	-497395.90625	2688495	2	15.1376	1320.738	43.89444
2	-496395.90625	2688495	2	259.3226	1317.953	28.05664
2	-495395.90625	2688495	2	327.7712	1314.965	15.21054
2	-494395.90625	2688495	2	101.8644	1311.779	24.51258
2	-493395.90625	2688495	2	31.26373	1308.401	36.39115
2	-492395.90625	2688495	2	30.96376	1304.838	0.4176038
1	-487395.90625	2688495	1	345.8329	1284.561	14.87312
2	-486395.90625	2688495	2	287.3368	1280.084	44.71135
2	-485395.90625	2688495	2	23.4774	1275.491	28.35466
2	-484395.90625	2688495	2	357.0816	1270.795	43.75598
2	-483395.90625	2688495	2	40.11826	1266.006	26.4986
2	-482395.90625	2688495	2	1.459449	1261.136	38.14094
2	-481395.90625	2688495	2	310.8949	1256.195	20.32532
2	-480395.90625	2688495	2	101.9566	1251.195	12.25499
1	-479395.90625	2688495	1	352.875	1246.147	19.94085
2	-478395.90625	2688495	2	343.9888	1241.059	8.505628
3	-477395.90625	2688495	3	1.735705	1235.942	7.057693
3	-476395.90625	2688495	3	-1	1230.805	 0.0
3	-475395.90625	2688495	3	18.43495	1225.656	0.2264803
3	-474395.90625	2688495	3	-1	1220.504	 0.0
3	-473395.90625	2688495	3	295.0963	1215.355	6.223181
2	-472395.90625	2688495	2	145.7131	1210.217	1.215245
3	-471395.90625	2688495	3	163.3008	1205.094	26.37748
1	-470395.90625	2688495	1	15.9454	1199.994	2.084677
5	-469395.90625	2688495	5	-1	1194.92	 0.0
3	-468395.90625	2688495	3	-1	1189.877	 0.0
3	-467395.90625	2688495	3	322.2061	1184.867	8.811861
3	-466395.90625	2688495	3	143.3659	1179.895	16.89629
3	-465395.90625	2688495	3	-1	1174.962	 0.0
1	-464395.90625	2688495	1	326.75	1170.069	24.29445
1	-463395.90625	2688495	1	2.185801	1165.219	26.17909
1	-462395.90625	2688495	1	331.5044	1160.412	19.21168
2	-461395.90625	2688495	2	207.3064	1155.649	15.05538
3	-460395.90625	2688495	3	213.6333	1150.929	19.28024
3	-459395.90625	2688495	3			
2	-498395.90625	2687495	2	334.3024	1325.275	37.79163
2	-497395.90625	2687495	2	299.4275	1322.608	18.56355
2	-496395.90625	2687495	2	40.42608	1319.736	25.99799
1	-495395.90625	2687495	1	262.9131	1316.664	24.98837
2	-494395.90625	2687495	2	62.4027	1313.398	13.9415
2	-493395.90625	2687495	2	90.20911	1309.942	34.41132
1	-492395.90625	2687495	1	39.7462	1306.304	17.16535
1	-491395.90625	2687495	1	22.60907	1302.493	27.04344
1	-490395.90625	2687495	1	13.19061	1298.517	18.19422
2	-489395.90625	2687495	2	236.5187	1294.387	20.84011
2	-488395.90625	2687495	2	311.8054	1290.112	20.8399
2	-487395.90625	2687495	2	353.1572	1285.703	17.47098
2	-486395.90625	2687495	2	335.5033	1281.171	24.18882
1	-485395.90625	2687495	1	336.4768	1276.527	19.16946
1	-484395.90625	2687495	1	20.12868	1271.782	16.39496
2	-483395.90625	2687495	2	17.66519	1266.946	22.38793
2	-482395.90625	2687495	2	314.3452	1262.031	17.19099
2	-481395.90625	2687495	2	107.1267	1257.048	33.34193
2	-480395.90625	2687495	2	315.3537	1252.006	15.98085
2	-479395.90625	2687495	2	261.2538	1246.915	1.288938
2	-478395.90625	2687495	2	-1	1241.786	 0.0
1	-477395.90625	2687495	1	226.5275	1236.627	14.85611
1	-476395.90625	2687495	1	199.2307	1231.447	2.989925
1	-475395.90625	2687495	1	79.61115	1226.254	8.559897
2	-474395.90625	2687495	2	66.69217	1221.055	19.00124
2	-473395.90625	2687495	2	296.2001	1215.857	5.015851
1	-472395.90625	2687495	1	327.5288	1210.666	 0.0
3	-471395.90625	2687495	3	55.96787	1205.487	13.07704
1	-470395.90625	2687495	1	49.85661	1200.326	15.1866
1	-469395.90625	2687495	1	85.6013	1195.186	0.9337243
1	-468395.90625	2687495	1	-1	1190.072	 0.0
1	-467395.90625	2687495	1	308.7742	1184.986	11.06777
3	-466395.90625	2687495	3	257.805	1179.931	19.24554
3	-465395.90625	2687495	3	7.125016	1174.908	1.154677
1	-464395.90625	2687495	1	176.6769	1169.92	10.98322
1	-463395.90625	2687495	1	168.6901	1164.968	15.32682
1	-462395.90625	2687495	1	148.8349	1160.051	13.70998
2	-461395.90625	2687495	2	271.6776	1155.172	30.86913
2	-460395.90625	2687495	2	252.8973	1150.33	15.2179
3	-459395.90625	2687495	3	260.4956	1145.525	15.64729
2	-499395.90625	2686495	2	290.3981	1329.505	27.95863
2	-498395.90625	2686495	2	213.6901	1326.957	23.3965
1	-497395.90625	2686495	1	197.6076	1324.204	17.8813
2	-496395.90625	2686495	2	207.926	1321.249	14.51505
2	-495395.90625	2686495	2	297.1729	1318.097	22.77461
2	-494395.90625	2686495	2	-1	1314.751	 0.0
2	-493395.90625	2686495	2	77.56216	1311.22	30.87013
2	-492395.90625	2686495	2	87.47388	1307.51	9.657253
2	-491395.90625	2686495	2	56.25644	1303.63	20.37009
2	-490395.90625	2686495	2	54.12617	1299.59	24.02814
2	-489395.90625	2686495	2	68.46607	1295.398	13.96085
2	-488395.90625	2686495	2	305.5377	1291.066	9.16253
2	-487395.90625	2686495	2	218.8627	1286.603	26.38371
1	-486395.90625	2686495	1	227.0232	1282.02	33.06187
1	-485395.90625	2686495	1	235.7995	1277.327	17.29334
2	-484395.90625	2686495	2	186.8428	1272.537	3.089118
2	-483395.90625	2686495	2	26.12769	1267.659	20.11105
2	-482395.90625	2686495	2	73.9926	1262.703	17.60439
2	-481395.90625	2686495	2	85.20576	1257.681	21.24909
2	-480395.90625	2686495	2	308.2183	1252.601	18.22884
2	-479395.90625	2686495	2	36.28254	1247.474	15.01683
2	-478395.90625	2686495	2	280.5347	1242.308	19.91838
2	-477395.90625	2686495	2	41.63354	1237.112	11.89972
1	-476395.90625	2686495	1	301.4091	1231.894	9.397335
2	-475395.90625	2686495	2	-1	1226.661	 0.0
2	-474395.90625	2686495	2	295.7693	1221.42	13.57798
2	-473395.90625	2686495	2	344.8271	1216.178	 0.0
2	-472395.90625	2686495	2	229.9894	1210.94	 0.0
2	-471395.90625	2686495	2	222.2475	1205.71	19.31373
3	-470395.90625	2686495	3	107.0079	1200.494	12.52863
1	-469395.90625	2686495	1	111.4477	1195.295	4.301007
1	-468395.90625	2686495	1	-1	1190.116	 0.0
1	-467395.90625	2686495	1	-1	1184.96	 0.0
1	-466395.90625	2686495	1	262.0304	1179.829	7.193778
3	-465395.90625	2686495	3	177.2737	1174.724	1.505372
1	-464395.90625	2686495	1	359.5018	1169.648	23.32891
1	-463395.90625	2686495	1	268.8542	1164.6	20.55981
2	-462395.90625	2686495	2	180	1159.582	1.145763
2	-461395.90625	2686495	2	155.5133	1154.594	15.50694
2	-460395.90625	2686495	2	261.3209	1149.637	22.09213
2	-459395.90625	2686495	2	269.6886	1144.712	24.70275
2	-458395.90625	2686495	2			
1	-497395.90625	2685495	1	176.1494	1325.503	14.60578
1	-496395.90625	2685495	1	224.8175	1322.467	29.03385
2	-495395.90625	2685495	2	98.18639	1319.236	19.79469
2	-494395.90625	2685495	2	245.0715	1315.815	16.36243
3	-493395.90625	2685495	3	18.77297	1312.211	28.19199
2	-492395.90625	2685495	2	13.31363	1308.432	18.6004
2	-491395.90625	2685495	2	1.820524	1304.488	27.09012
2	-490395.90625	2685495	2	13.19646	1300.386	20.42192
2	-489395.90625	2685495	2	345.9952	1296.137	28.92847
2	-488395.90625	2685495	2	44.26074	1291.75	28.72509
2	-487395.90625	2685495	2	15.82126	1287.237	29.02004
2	-486395.90625	2685495	2	230.0162	1282.607	29.51358
2	-485395.90625	2685495	2	194.5345	1277.871	24.38268
2	-484395.90625	2685495	2	249.4986	1273.04	17.06337
2	-483395.90625	2685495	2	215.9335	1268.123	9.551818
3	-482395.90625	2685495	3	63.04782	1263.132	18.31174
3	-481395.90625	2685495	3	20.99285	1258.075	24.72939
2	-480395.90625	2685495	2	38.07278	1252.962	10.78794
3	-479395.90625	2685495	3	110.556	1247.803	10.88179
3	-478395.90625	2685495	3	7.125016	1242.605	17.87401
2	-477395.90625	2685495	2	66.39289	1237.377	10.43478
2	-476395.90625	2685495	2	71.45315	1232.126	22.03674
2	-475395.90625	2685495	2	326.3099	1226.859	1.548994
2	-474395.90625	2685495	2	33.69007	1221.583	2.064934
2	-473395.90625	2685495	2	158.508	1216.302	22.71286
2	-472395.90625	2685495	2	356.0548	1211.023	19.96917
3	-471395.90625	2685495	3	65.77225	1205.749	3.138344
2	-470395.90625	2685495	2	348.3664	1200.484	23.45669
5	-469395.90625	2685495	5	28.52312	1195.232	7.45685
1	-468395.90625	2685495	1	-1	1189.995	 0.0
2	-467395.90625	2685495	2	345.8277	1184.776	7.273604
2	-466395.90625	2685495	2	303.3885	1179.576	7.505104
1	-465395.90625	2685495	1	259.5085	1174.396	1.965839
2	-464395.90625	2685495	2	190.5161	1169.239	23.00764
2	-463395.90625	2685495	2	140.0943	1164.104	24.60269
2	-462395.90625	2685495	2	135	1158.992	0.3038539
2	-461395.90625	2685495	2	344.5878	1153.904	13.48903
2	-460395.90625	2685495	2	266.9225	1148.841	6.640362
2	-459395.90625	2685495	2	353.5797	1143.803	30.64529
2	-458395.90625	2685495	2	243.5378	1138.79	17.29518
2	-497395.90625	2684495	2	302.8729	1326.479	12.34085
2	-496395.90625	2684495	2	17.19854	1323.365	23.73312
2	-495395.90625	2684495	2	313.8188	1320.059	18.93298
2	-494395.90625	2684495	2	257.626	1316.565	26.64079
2	-493395.90625	2684495	2	254.0291	1312.893	21.11431
2	-492395.90625	2684495	2	106.5348	1309.049	 0.0
2	-491395.90625	2684495	2	38.71311	1305.043	11.85202
2	-490395.90625	2684495	2			
1	-489395.90625	2684495	1	123.0558	1296.581	15.74178
1	-488395.90625	2684495	1	121.1088	1292.145	18.7118
1	-486395.90625	2684495	1	10.52779	1282.913	8.175653
2	-485395.90625	2684495	2	265.9144	1278.138	7.989653
2	-484395.90625	2684495	2	204.0986	1273.27	25.67084
3	-480395.90625	2684495	3	75.51823	1253.071	11.03111
3	-479395.90625	2684495	3	0.8923855	1247.884	21.86553
2	-478395.90625	2684495	2	341.7452	1242.66	14.11184
1	-477395.90625	2684495	1	358.1323	1237.405	12.95942
1	-476395.90625	2684495	1	46.92196	1232.127	14.76433
2	-475395.90625	2684495	2	33.55896	1226.832	8.614962
2	-474395.90625	2684495	2	356.4237	1221.526	2.295075
2	-473395.90625	2684495	2	34.31509	1216.213	5.446389
3	-472395.90625	2684495	3	4.635463	1210.898	5.302065
3	-471395.90625	2684495	3	0.8243428	1205.586	19.16418
1	-470395.90625	2684495	1	102.8407	1200.279	19.22473
1	-469395.90625	2684495	1	41.42366	1194.981	1.623297
1	-468395.90625	2684495	1	-1	1189.693	 0.0
1	-467395.90625	2684495	1	-1	1184.418	 0.0
2	-466395.90625	2684495	2	73.33913	1179.157	19.35643
1	-465395.90625	2684495	1	-1	1173.91	 0.0
2	-464395.90625	2684495	2	315	1168.68	0.4051356
2	-463395.90625	2684495	2	290.2976	1163.466	11.01118
1	-462395.90625	2684495	1	5.194429	1158.27	8.63573
2	-461395.90625	2684495	2	270.7252	1153.09	21.55559
2	-460395.90625	2684495	2	52.61194	1147.93	21.15723
2	-459395.90625	2684495	2	15.6325	1142.788	29.507
2	-498395.90625	2683495	2	117.21	1330.103	30.79282
3	-497395.90625	2683495	3	304.6952	1327.11	26.29425
3	-496395.90625	2683495	3	41.22358	1323.921	28.22686
2	-495395.90625	2683495	2	268.5033	1320.543	27.76365
2	-494395.90625	2683495	2	226.8779	1316.981	23.34343
2	-493395.90625	2683495	2	246.9182	1313.244	17.8501
2	-479395.90625	2683495	2	142.9355	1247.701	16.40979
2	-478395.90625	2683495	2	156.3369	1242.456	25.91279
2	-477395.90625	2683495	2	195.9751	1237.18	18.34315
2	-476395.90625	2683495	2	145.7945	1231.881	20.04732
2	-475395.90625	2683495	2	32.90524	1226.563	4.342234
2	-474395.90625	2683495	2	350.0316	1221.233	11.82747
2	-473395.90625	2683495	2	63.43495	1215.894	0.6405596
3	-472395.90625	2683495	3	215.3112	1210.551	15.46673
3	-471395.90625	2683495	3	209.0546	1205.207	2.211012
2	-470395.90625	2683495	2	189.4623	1199.865	3.480877
3	-469395.90625	2683495	3	87.45519	1194.528	6.42507
1	-468395.90625	2683495	1	344.0546	1189.197	5.199673
1	-467395.90625	2683495	1	225	1183.873	1.923703
2	-466395.90625	2683495	2	180.5673	1178.559	12.81665
2	-465395.90625	2683495	2	358.9949	1173.254	2.363195
2	-464395.90625	2683495	2	352.1709	1167.959	11.41357
1	-463395.90625	2683495	1	323.5308	1162.675	4.089788
2	-462395.90625	2683495	2	239.7911	1157.403	18.02731
2	-461395.90625	2683495	2	210.5102	1152.142	25.98923
2	-460395.90625	2683495	2	208.4429	1146.893	11.56919
2	-459395.90625	2683495	2	193.6959	1141.658	8.70458
2	-498395.90625	2682495	2	71.88921	1330.441	29.20264
3	-497395.90625	2682495	3	287.1218	1327.375	15.4285
2	-496395.90625	2682495	2	325.9295	1324.114	14.63117
2	-495395.90625	2682495	2	60.67109	1320.668	22.08531
3	-494395.90625	2682495	3	243.1617	1317.042	19.37298
2	-493395.90625	2682495	2	263.0964	1313.243	15.68398
2	-478395.90625	2682495	2	55.21688	1241.978	17.16879
2	-477395.90625	2682495	2	224.2205	1236.687	14.56809
2	-476395.90625	2682495	2	179.3489	1231.372	12.40819
2	-475395.90625	2682495	2	283.3487	1226.038	8.620158
2	-474395.90625	2682495	2	225	1220.69	0.8102307
2	-473395.90625	2682495	2	82.23483	1215.332	18.42055
2	-472395.90625	2682495	2	4.945967	1209.967	14.62636
2	-471395.90625	2682495	2	83.8845	1204.599	8.014633
3	-470395.90625	2682495	3	25.01689	1199.229	3.551995
1	-469395.90625	2682495	1	74.35775	1193.86	1.858704
1	-468395.90625	2682495	1	53.74616	1188.493	1.331964
1	-467395.90625	2682495	1	305.5377	1183.129	1.847648
2	-466395.90625	2682495	2	2.29061	1177.77	7.130655
2	-465395.90625	2682495	2	266.1859	1172.414	1.076554
2	-464395.90625	2682495	2	180	1167.064	0.4297103
2	-463395.90625	2682495	2	315	1161.719	1.822526
2	-462395.90625	2682495	2	118.3008	1156.38	20.63725
2	-461395.90625	2682495	2	259.4818	1151.047	21.32112
2	-460395.90625	2682495	2	257.6335	1145.721	13.45793
2	-498395.90625	2681495	2	46.81419	1330.391	21.34916
2	-497395.90625	2681495	2	4.06858	1327.253	16.67321
2	-496395.90625	2681495	2	283.1259	1323.926	29.78925
2	-495395.90625	2681495	2	43.89829	1320.415	20.19168
2	-494395.90625	2681495	2	32.14866	1316.729	25.49498
2	-493395.90625	2681495	2	269.2021	1312.874	24.17023
2	-477395.90625	2681495	2	77.38068	1235.912	18.94698
2	-476395.90625	2681495	2	289.5367	1230.588	2.354516
2	-475395.90625	2681495	2	251.8405	1225.244	18.20504
2	-472395.90625	2681495	2	354.1984	1209.134	13.22202
2	-471395.90625	2681495	2	285.3763	1203.748	17.28285
3	-470395.90625	2681495	3	344.8459	1198.357	13.96322
1	-469395.90625	2681495	1	125.665	1192.964	14.65779
1	-468395.90625	2681495	1	-1	1187.569	 0.0
2	-467395.90625	2681495	2	18.43495	1182.173	0.2264803
1	-466395.90625	2681495	1	250.3821	1176.777	5.775803
2	-465395.90625	2681495	2	119.7449	1171.38	0.6794125
2	-464395.90625	2681495	2	12.95276	1165.984	14.38769
2	-463395.90625	2681495	2	326.3099	1160.588	1.032802
2	-462395.90625	2681495	2	350.1959	1155.192	22.33489
2	-461395.90625	2681495	2	284.1801	1149.797	19.91488
2	-460395.90625	2681495	2	273.6914	1144.404	8.828762
2	-497395.90625	2680495	2	3.414555	1326.731	27.68516
2	-496395.90625	2680495	2	312.6655	1323.34	36.41883
2	-495395.90625	2680495	2	13.82205	1319.77	17.97273
2	-494395.90625	2680495	2	7.780354	1316.027	32.50183
2	-493395.90625	2680495	2	327.5698	1312.121	28.19614
2	-477395.90625	2680495	2	76.29304	1234.844	6.022696
2	-476395.90625	2680495	2	302.9052	1229.517	19.26268
2	-469395.90625	2680495	2	142.8002	1191.829	21.3434
4	-468395.90625	2680495	4	304.1984	1186.414	 0.0
1	-467395.90625	2680495	1	270	1180.995	5.426813
2	-466395.90625	2680495	2	17.85032	1175.57	20.97915
2	-465395.90625	2680495	2	201.5186	1170.141	13.23213
2	-464395.90625	2680495	2	338.7329	1164.708	12.6261
2	-463395.90625	2680495	2	30.41706	1159.27	12.66257
2	-462395.90625	2680495	2	355.2551	1153.828	17.60619
2	-461395.90625	2680495	2	267.8068	1148.382	16.38151
2	-496395.90625	2679495	2			
1	-494395.90625	2679495	1	146.9356	1314.924	12.52978
2	-493395.90625	2679495	2	137.3021	1310.972	19.39563
2	-470395.90625	2679495	2	55.90502	1195.866	11.10209
2	-469395.90625	2679495	2	83.55458	1190.447	16.73342
1	-468395.90625	2679495	1	64.50245	1185.02	15.11236
1	-467395.90625	2679495	1	-1	1179.585	 0.0
2	-466395.90625	2679495	2	293.8138	1174.141	13.74318
2	-465395.90625	2679495	2	305.6445	1168.689	25.06112
2	-464395.90625	2679495	2	-1	1163.228	 0.0
2	-463395.90625	2679495	2	333.9247	1157.758	11.10165
2	-462395.90625	2679495	2	104.7782	1152.28	21.11855
2	-461395.90625	2679495	2	316.4688	1146.793	3.945189
2	-494395.90625	2678495	2	198.9523	1313.411	19.30212
2	-493395.90625	2678495	2	184.8596	1309.417	17.21632
2	-469395.90625	2678495	2	161.1786	1188.809	25.11804
2	-468395.90625	2678495	2	71.56505	1183.378	2.489728
2	-467395.90625	2678495	2	236.8368	1177.935	16.78494
2	-466395.90625	2678495	2	234.6197	1172.481	22.93531
2	-465395.90625	2678495	2	287.4078	1167.014	21.64959
2	-464395.90625	2678495	2	343.4052	1161.535	11.14199
2	-463395.90625	2678495	2	-1	1156.044	 0.0
2	-462395.90625	2678495	2	-1	1150.539	 0.0
2	-469395.90625	2677495	2	21.39981	1186.91	11.23823
2	-468395.90625	2677495	2	73.20163	1181.482	7.880023
2	-467395.90625	2677495	2	39.40066	1176.041	5.176202
2	-466395.90625	2677495	2	257.687	1170.584	26.75248
2	-465395.90625	2677495	2	263.7032	1165.112	20.03692
2	-464395.90625	2677495	2	-1	1159.624	 0.0
2	-463395.90625	2677495	2	-1	1154.121	 0.0
2	-462395.90625	2677495	2	43.85424	1148.601	7.364119
2	-469395.90625	2676495	2	92.96486	1184.747	17.44118
2	-468395.90625	2676495	2	10.22217	1179.331	17.21922
2	-467395.90625	2676495	2	341.2666	1173.898	16.88739
2	-466395.90625	2676495	2	225	1168.447	0.2025703
2	-465395.90625	2676495	2	279.1839	1162.979	11.93991
2	-464395.90625	2676495	2	126.2803	1157.491	16.25222
2	-463395.90625	2676495	2	277.7652	1151.985	9.454537
3	-462395.90625	2676495	3	125.9453	1146.46	24.19479
2	-468395.90625	2675495	2	356.6003	1176.921	14.19495
2	-467395.90625	2675495	2	163.355	1171.505	20.78969
1	-466395.90625	2675495	1	110.4328	1166.068	7.748122
2	-465395.90625	2675495	2	244.9831	1160.611	17.24266
2	-464395.90625	2675495	2	86.91782	1155.134	 0.0
3	-463395.90625	2675495	3	-1	1149.635	 0.0
1	-462395.90625	2675495	1			
2	-467395.90625	2674495	2	34.49494	1168.863	15.18875
2	-466395.90625	2674495	2	81.22316	1163.449	28.03465
1	-465395.90625	2674495	1	244.5988	1158.012	26.35341
2	-464395.90625	2674495	2	123.0239	1152.552	10.14308
2	-463395.90625	2674495	2	147.5877	1147.069	10.56786
3	-462395.90625	2674495	3			
2	-467395.90625	2673495	2	45.93919	1165.978	6.155459
2	-466395.90625	2673495	2	120.4067	1160.593	17.15609
2	-465395.90625	2673495	2	-1	1155.183	 0.0
3	-464395.90625	2673495	3	237.5288	1149.75	18.0539
3	-463395.90625	2673495	3	147.9426	1144.291	16.27936
2	-466395.90625	2672495	2	107.2184	1157.506	39.32483
2	-465395.90625	2672495	2	8.615648	1152.131	4.769802
2	-464395.90625	2672495	2	213.4399	1146.731	17.61823
